-17,61	
-17,61	
-17,61	
-17,61	
-16,49	
-16,49	
-31,72	
-31,72	
-35,15	
-35,15	
-35,15	
-35,15	
-35,15	
-47,43	
-49,61	
-49,61	
-60,65	
-43,28	
-62,41	
-62,41	
-62,41	
-62,41	
-62,41	
-62,41	
-71,64	
-70,34	
-70,34	
-70,34	
-84,81	
-84,81	
-84,81	
-84,81	
-84,81	
-95,65	
-95,65	
-95,65	
-95,65	
-95,65	
-95,65	
-95,65	
-95,65	
-106,98	
-106,98	
-106,98	
-116,27	
-116,27	
-116,27	
-116,27	
-116,27	
-116,27	
-116,27	
-127,15	
-127,15	
-127,15	
-127,15	
-127,15	
-127,15	
-127,15	
-129,33	
-129,33	
-137,12	
-137,12	
-137,12	
-137,12	
-13-129,8-13-135,8-14-135,8-142,43	
-14-135,8-14-135,8-14-138,6-14-138,6-142,43	
-145,68	
-145,68	
-149,25	
-14-142,1-14-142,1-149,25	
-149,25	
-149,99	
-149,99	
-149,99	
-154,13	
-15-145,1-15-145,5-15-147,0-154,13	
-154,13	
-154,13	
-156,99	
-156,99	
-156,99	
-156,99	
-159,44	
-159,44	
-159,44	
-159,44	
-159,44	
-164,89	
-164,89	
-164,89	
-164,89	
-164,89	
-164,89	
-167,31	
-167,31	
-167,31	
-167,31	
-174,04	
-174,04	
-174,04	
-174,04	
-174,04	
-174,04	
-174,04	
-174,04	
-174,04	
-174,04	
-174,04	
-174,04	
-174,04	
-174,04	
-174,04	
-174,04	
-185,31	
-185,-800-185,3-80-185,31-8-196,08	--196,08	
-8005,67	--8005,67-1-8005,6-19-8005,-196,08	
-204,-800-204,68	
-204,68-8-204,68	--204,68	
-8005,67	--8005,67-2-8005,67	
-8005,67	
-8005,67	
-8005,67	
-8005,67	
-8005,67	
-8005,67	
-8005,67	
-8005,67	
-8005,67	
-8005,67	
-8005,67	
-8005,67	
-8005,67	
-8005,67	
-8005,67	
-8005,67	
-8005,67	
-8005,67	
-8005,67	
-8005,67	
-8005,67	
-8005,67	
-8005,67	
-8005,67	
-8005,67	
-8005,67	
-8005,67	
-8005,67	
-8005,67	
-8005,67	
-8005,67	
-8005,67	
-8005,67	
-8005,67	
-8005,67	
-8005,67	
-8005,67	
-8005,67	
-8005,67	
-8005,67	
-8005,67	
-8005,67	
-8005,67	
-8005,67	
-8005,67	
-8005,67	
-8005,67	
-8005,67	
-8005,67	
-8005,67	
-8005,67	
-8005,67	
-8005,67	
-8005,67	
-8005,67	
-8005,67	
-8005,67	
-8005,67	
-8005,67	
-8005,67	
-8005,67	
-8005,67	
-8005,67	
-8005,67	
-8005,67	
-8005,67	
-8005,67	
-8005,67	
-8005,67	
-8005,67	
-8005,67	
-8005,67	
-8005,67	
-8005,67	
-8005,67	
-8005,67	
-8005,67	
-8005,67	
-8005,67	
-8005,67	
-8005,67	
-8005,67	
-8005,67	
-8005,67	
-8005,67	
-8005,67	
-8005,67	
-8005,67	
-8005,67	
-8005,67	
-8005,67	
-8005,67	
-8005,67	
-8005,67	
-8005,67	
-8005,67	
-8005,67	
-8005,67	
-8005,67	
-8005,67	
-8005,67	
-8005,67	
-8005,67	
-8005,67	
-8005,67	
-8005,67	
-8005,67	
-8005,67	
-8005,67	
-8005,67	
-8005,67	
-8005,67	
-8005,67	
-8005,67	
-8005,67	
-8005,67	
-8005,67	
-8005,67	
-8005,67	
-8005,67	
-8005,67	
-8005,67	
-8005,67	
-8005,67	
-8005,67	
-8005,67	
-8005,67	
-8005,67	
-8005,67	
-8005,67	
-8005,67	
-8005,67	
-8005,67	
-8005,67	
-8005,67	
-8005,67	
-8005,67	
-8005,67	
-8005,67	
-8005,67	
-8005,67	
-8005,67	
-8005,67	
-8005,67	
-8005,67	
-8005,67	
-8005,67	
-8005,67	
-8005,67	
-8005,67	
-8005,67	
-8005,67	
-8005,67	
-8005,67	
-8005,67	
-8005,67	
-8005,67	
-8005,67	
-8005,67	
-8005,67	
-8005,67	
-8005,67	
-8005,67	
-8005,67	
-8005,67	
-8005,67	
-8005,67	
-8005,67	
-8005,67	
-8005,67	
-8005,67	
-8005,67	
-8005,67	
-8005,67	
-8005,67	
-8005,67	
-8005,67	
-8005,67	
-8005,67	
-8005,67	
-8005,67	
-8005,67	
-8005,67	
-8005,67	
-8005,67	
-8005,67	
-8005,67	
-8005,67	
-8005,67	
-8005,67	
-8005,67	
-8005,67	
-8005,67	
-8005,67	
-8005,67	
-8005,67	
-8005,67	
-8005,67	
-8005,67	
-8005,67	
-8005,67	
-8005,67	
-8005,67	
-8005,67	
-8005,67	
-8005,67	
-8005,67	
-8005,67	
-8005,67	
-8005,67	
-8005,67	
-8005,67	
-8005,67	
-8005,67	
-8005,67	
-8005,67	
-8005,67	
-8005,67	
-8005,67	
-8005,67	
-8005,67	
-8005,67	
-8005,67	
-8005,67	
-8005,67	
-8005,67	
-8005,67	
-8005,67	
-8005,67	
-8005,67	
-8005,67	
-8005,67	
-8005,67	
-8005,67	
-8005,67	
-8005,67	
-8005,67	
-8005,67	
-8005,67	
-8005,67	
-8005,67	
-8005,67	
-8005,67	
-8005,67	
-8005,67	
-8005,67	
-8005,67	
-8005,67	
-8005,67	
-8005,67	
-8005,67	
-8005,67	
-8005,67	
-8005,67	
-8005,67	
-8005,67	
-8005,67	
-8005,67	
-8005,67	
-8005,67	
-8005,67	
-8005,67	
-8005,67	
-8005,67	
-8005,67	
-8005,67	
-8005,67	
-8005,67	
-8005,67	
-8005,67	
-8005,67	
-8005,67	
-8005,67	
-8005,67	
-8005,67	
-8005,67	
-8005,67	
-8005,67	
-8005,67	
-8005,67	
-8005,67	
-8005,67	
-8005,67	
-8005,67	
-8005,67	
-8005,67	
-8005,67	
-8005,67	
-8005,67	
-8005,67	
-8005,67	
-8005,67	
-8005,67	
-8005,67	
-8005,67	
-8005,67	
-8005,67	
-8005,67	
-8005,67	
-8005,67	
-8005,67	
-8005,67	
-8005,67	
-8005,67	
-8005,67	
-8005,67	
-8005,67	
-8005,67	
-8005,67	
-8005,67	
-8005,67	
-8005,67	
-8005,67	
-8005,67	
-8005,67	
-8005,67	
-8005,67	
-8005,67	
-8005,67	
-8005,67	
-8005,67	
-8005,67	
-8005,67	
-8005,67	
-8005,67	
-8005,67	
-8005,67	
-8005,67	
-8005,67	
-8005,67	
-8005,67	
-8005,67	
-8005,67	
-8005,67	
-8005,67	
-8005,67	
-8005,67	
-8005,67	
-8005,67	
-8005,67	
-8005,67	
-8005,67	
-8005,67	
-8005,67	
-8005,67	
-8005,67	
-8005,67	
-8005,67	
-8005,67	
-8005,67	
-8005,67	
-8005,67	
-8005,67	
-8005,67	
-8005,67	
-8005,67	
-8005,67	
-8005,67	
-8005,67	
-8005,67	
-8005,67	
-8005,67	
-8005,67	
-8005,67	
-8005,67	
-8005,67	
-8005,67	
-8005,67	
-8005,67	
-8005,67	
-8005,67	
-8005,67	
-8005,67	
-8005,67	
-8005,67	
-8005,67	
-8005,67	
-8005,67	
-8005,67	
-8005,67	
-8005,67	
-8005,67	
-8005,67	
-8005,67	
-8005,67	
-8005,67	
-8005,67	
-8005,67	
-8005,67	
-8005,67	
-8005,67	
-8005,67	
-8005,67	
-8005,67	
-8005,67	
-8005,67	
-8005,67	
-8005,67	
-8005,67	
-8005,67	
-8005,67	
-8005,67	
-8005,67	
-8005,67	
-8005,67	
-8005,67	
-8005,67	
-8005,67	
-8005,67	
-8005,67	
-8005,67	
-8005,67	
-8005,67	
-8005,67	
-8005,67	
-8005,67	
-8005,67	
-8005,67	
-8005,67	
-8005,67	
-8005,67	
-8005,67	
-8005,67	
-8005,67	
-8005,67	
-8005,67	
-8005,67	
-8005,67	
-8005,67	
-8005,67	
-8005,67	
-8005,67	
-8005,67	
-8005,67	
-8005,67	
-8005,67	
-8005,67	
-8005,67	
-8005,67	
-8005,67	
-8005,67	
-8005,67	
-8005,67	
-8005,67	
-8005,67	
-8005,67	
-8005,67	
-8005,67	
-8005,67	
-8005,67	--8005,67-9-8005,6-96-8005,-965-8005-965,57	
-965,57	
-965,57	
-965,57	
-965,57	
-965,57	
-965,57	
-965,57	
-965,57	
-965,57	
-965,57	
-965,57	
-965,57	
-965,57	
-965,57	
-965,57	
-965,57	
-965,57	
-965,57	
-965,57	
-965,57	
-965,57	
-965,57	
-965,57	
-965,57	
-965,57	
-965,57	
-965,57	
-965,57	
-965,57	
-965,57	
-965,57	
-965,57	
-965,57	
-965,57	
-965,57	
-965,57	
-965,57	
-965,57	
-965,57	
-965,57	
-965,57	
-965,57	
-965,57	
-965,57	
-965,57	
-965,57	
-965,57	
-965,57	
-902,51	
-902,51	
-850,60	
-850,60	
-850,60	
-850,60	
-850,60	
-850,60	
-850,60	
-850,60	
-850,60	
-850,60	
-850,60	
-850,60	
-850,60	
-850,60	
-850,60	
-850,60	
-850,60	
-850,60	
-850,60	
-850,60	
-850,60	
-850,60	
-850,60	
-850,60	
-850,60	
-850,60	
-850,60	
-850,60	
-850,60	
-850,60	
-850,60	
-850,60	
-850,60	
-850,60	
-850,60	
-850,60	
-850,60	
-850,60	
-850,60	
-850,60	
-850,60	
-850,60	
-850,60	
-850,60	
-850,60	
-850,60	
-850,60	
-850,60	
-850,60	
-850,60	
-850,60	
-850,60	
-850,60	
-850,60	
-850,60	
-850,60	
-850,60	
-850,60	
-850,60	
-850,60	
-850,60	
-850,60	
-850,60	
-850,60	
-798,32	
-798,32	
-798,32	
-798,32	
-798,32	
-798,32	
-751,19	
-751,19	
-751,19	
-751,19	
-751,19	
-751,19	
-751,19	
-751,19	
-751,19	
-751,19	
-751,19	
-751,19	
-751,19	
-751,19	
-751,19	
-751,19	
-751,19	
-751,19	
-751,19	
-751,19	
-751,19	
-751,19	
-751,19	
-751,19	
-751,19	
-751,19	
-751,19	
-751,19	
-751,19	
-751,19	
-751,19	
-751,19	
-751,19	
-751,19	
-751,19	
-751,19	
-751,19	
-751,19	
-751,19	
-751,19	
-751,19	
-751,19	
-751,19	
-751,19	
-751,19	
-751,19	
-751,19	
-751,19	
-751,19	
-751,19	
-751,19	
-751,19	
-751,19	
-751,19	
-751,19	
-751,19	
-751,19	
-751,19	
-751,19	
-751,19	
-751,19	
-751,19	
-751,19	
-751,19	
-751,19	
-751,19	
-751,19	
-751,19	
-751,19	
-751,19	
-751,19	
-751,19	
-751,19	
-751,19	
-751,19	
-751,19	
-751,19	
-751,19	
-751,19	
-710,73	
-710,73	
-710,73	
-670,97	
-670,97	
-670,97	
-670,97	
-670,97	
-639,12	
-639,12	
-639,12	
-639,12	
-639,12	
-609,05	
-609,05	
-609,05	
-609,05	
-580,61	
-580,61	
-580,61	
-580,61	
-580,61	
-580,61	
-580,61	
-580,61	
-580,61	
-580,61	
-580,61	
-580,61	
-580,61	
-580,61	
-580,61	
-580,61	
-580,61	
-555,71	
-555,71	
-555,71	
-555,71	
-555,71	
-555,71	
-555,71	
-555,71	
-555,71	
-555,71	
-555,71	
-555,71	
-555,71	
-555,71	
-555,71	
-555,71	
-555,71	
-555,71	
-555,71	
-555,71	
-555,71	
-532,09	
-532,09	
-532,09	
-532,09	
-532,09	
-532,09	
-532,09	
-532,09	
-532,09	
-532,09	
-532,09	
-532,09	
-532,09	
-532,09	
-532,09	
-532,09	
-532,09	
-532,09	
-532,09	
-532,09	
-532,09	
-513,56	
-513,56	
-513,56	
-513,56	
-513,56	
-513,56	
-494,07	
-494,07	
-494,07	
-494,07	
-494,07	
-477,70	
-477,70	
-477,70	
-477,70	
-477,70	
-477,70	
-477,70	
-477,70	
-477,70	
-477,70	
-477,70	
-477,70	
-477,70	
-477,70	
-477,70	
-477,70	
-477,70	
-477,70	
-477,70	
-477,70	
-477,70	
-477,70	
-477,70	
-477,70	
-477,70	
-477,70	
005,67	
-8005,67	
-8005,67	
-8005,67	
-8005,67	
-8005,67	
-8005,67	
-8005,67	
-8005,67	
-8005,67	
-8005,67	
-8005,67	
-8005,67	
-8005,67	
-8005,67	
-8005,67	
-8005,67	
-8005,67	
-8005,67	
-8005,67	
-8005,67	
-8005,67	
-8005,67	
-8005,67	
-8005,67	
-8005,67	
-8005,67	
-8005,67	
-8005,67	
-8005,67	
-8005,67	
-8005,67	
-8005,67	
495,44	
-2495,44	
-2495,44	
-2495,44	
-2495,44	
-2495,44	
-2495,44	
-2495,44	
-2495,44	
-2495,44	
-2495,44	
-2495,44	
-2495,44	
77	
-1339,77	
-1339,77	
-1234,47	
-1234,47	
-1142,92	
-1142,92	
-1142,92	
-1142,92	
-1142,92	
-1142,92	
-1063,04	
-1063,04	
-988,32	
