-300.0
-273.77777777777777
-44.0
-300.0
-300.0
-300.0
-300.0
-300.0
-13.777777777777715
98.22222222222234
-135.1111111111111
98.22222222222234
0.0
-476.0
-1195.9999999999995
-924.0
-1720.4444444444443
-2815.999999999999
-1720.4444444444443
-384.0
36.000000000000114
-156.0
55.5555555555556
-200.44444444444446
-28.444444444444457
-13.777777777777715
-13.777777777777715
92.88888888888903
-135.1111111111111
96.0
-13.777777777777715
-44.0
-200.44444444444446
-273.77777777777777
-300.0
-300.0
-77.77777777777777
96.0
88.88888888888891
-95.99999999999977
-413.7777777777776
-647.1111111111109
-508.4444444444441
-384.0
-13.777777777777601
100.00000000000006
-77.77777777777777
78.22222222222229
-13.777777777777715
88.88888888888891
-44.0
-300.0
-300.0
0.0
-273.77777777777777
-28.444444444444457
88.88888888888891
-77.7777777777776
88.88888888888897
99.55555555555566
-135.1111111111111
-300.0
-300.0
-135.1111111111111
-60.4444444444444
-44.0
96.0
-300.0
-300.0
-300.0
-300.0
-273.77777777777777
-300.0
55.5555555555556
100.00000000000006
-95.99999999999977
-413.7777777777776
92.88888888888891
78.2222222222224
0.0
0.0
92.88888888888903
-77.7777777777776
0.0
88.88888888888891
71.55555555555566
-13.777777777777715
46.22222222222223
78.2222222222224
-224.0
-721.7777777777776
-1293.7777777777774
-1011.1111111111109
-721.7777777777776
-177.7777777777776
99.55555555555566
-77.77777777777777
98.22222222222229
24.888888888889028
55.55555555555566
-77.7777777777776
-200.44444444444412
-355.11111111111086
-413.7777777777776
99.55555555555566
96.0
-60.4444444444444
0.0
92.88888888888891
71.55555555555554
-248.44444444444446
-300.0
-300.0
-300.0
-248.44444444444446
24.888888888888914
-248.44444444444446
46.22222222222223
-300.0
-224.0
-96.0
36.0
96.0
-13.777777777777601
-44.0
-13.777777777777601
-224.0
-1011.1111111111109
-413.7777777777776
46.2222222222224
84.0
46.22222222222223
-300.0
-300.0
46.22222222222223
55.5555555555556
0.0
100.00000000000006
-115.11111111111109
-224.0
-327.1111111111111
55.55555555555566
98.22222222222229
96.0
0.0
-300.0
-200.44444444444446
-273.77777777777777
-300.0
-28.444444444444457
-300.0
-248.44444444444446
-300.0
-13.777777777777715
55.5555555555556
92.88888888888891
98.22222222222229
88.88888888888897
78.2222222222224
84.0
-96.0
-96.0
-300.0
64.0
71.55555555555566
78.2222222222224
78.2222222222224
-224.0
-13.777777777777715
78.22222222222229
-77.77777777777777
-300.0
-300.0
-13.777777777777715
98.22222222222229
64.0
-95.99999999999977
-721.7777777777776
-1447.1111111111104
-647.1111111111109
-28.444444444444343
-77.7777777777776
88.88888888888891
88.88888888888897
100.00000000000006
-135.11111111111086
-200.44444444444412
-355.11111111111086
-1101.7777777777774
-1777.7777777777774
-967.1111111111104
-508.4444444444441
-273.7777777777776
24.888888888889028
-28.444444444444457
-200.44444444444446
-300.0
-300.0
-115.11111111111109
-177.77777777777777
-248.44444444444446
-300.0
12.888888888888914
96.0
12.888888888889142
-135.11111111111086
-299.9999999999998
-508.4444444444441
-1500.0
-1777.7777777777774
-248.44444444444412
12.888888888889142
55.55555555555566
98.22222222222234
0.0
-224.0
-60.4444444444444
-44.0
46.22222222222223
99.55555555555566
98.22222222222229
-115.11111111111109
-44.0
-355.11111111111086
-77.7777777777776
55.55555555555566
71.55555555555554
96.0
-28.444444444444457
96.0
-44.0
-177.7777777777776
-115.11111111111109
36.000000000000114
-28.444444444444343
71.55555555555554
98.22222222222234
78.2222222222224
-135.11111111111086
-684.0
-840.4444444444446
-1101.7777777777774
-647.1111111111109
-248.44444444444412
-1101.7777777777774
-1955.1111111111109
-1608.444444444444
-541.7777777777774
-924.0
-327.1111111111111
-355.11111111111086
-508.4444444444441
-508.4444444444441
-273.7777777777776
-881.7777777777774
-1608.444444444444
-2815.999999999999
-1244.4444444444443
-224.0
-327.1111111111111
-444.4444444444441
84.0
46.2222222222224
71.55555555555554
78.22222222222229
71.55555555555566
55.55555555555566
-115.11111111111109
88.88888888888891
0.0
-115.11111111111109
-576.0
-1101.7777777777774
